5.708372021046115991e-02	5.338904363974002198e-02	3.559269575982668132e-02	4.605772206747137110e-02	2.907381615598885957e-02	4.137650882079851183e-02	7.776230269266480588e-02	7.362271742494583271e-02	2.443129062209842273e-02	3.866836892602909526e-02	7.812983596409779630e-02	6.967657072113896122e-02	1.926648096564531273e-02	2.944134942742184999e-02	6.408619622407923933e-02	8.110878984834415939e-02	4.520659238625812648e-02	7.930981120396161932e-03	2.141364902506963722e-02	5.129990714948932246e-02	0.000000000000000000e+00	0.000000000000000000e+00	1.934385639121015171e-05	5.536211699164345079e-02
5.627127824203033424e-02	5.052615289384091574e-02	3.373568554627050242e-02	4.806948313215722579e-02	2.644305168678427742e-02	4.646394305168678740e-02	9.323738780563292639e-02	6.062364593005261509e-02	2.570798514391829312e-02	3.872640049520272021e-02	7.441581553698545237e-02	7.217192819560507011e-02	1.835731971525843276e-02	3.009904054472299639e-02	5.348576292169606589e-02	7.636954503249768211e-02	4.712163416898793034e-02	8.433921386567625605e-03	3.402584339213865494e-02	5.199628597957288434e-02	0.000000000000000000e+00	0.000000000000000000e+00	0.000000000000000000e+00	5.371788919839059345e-02
6.023676880222841173e-02	5.737387805632931242e-02	3.594088517486845880e-02	4.451021355617455766e-02	1.733209532652429594e-02	4.464562055091302745e-02	7.745280099040544042e-02	5.062287217579696658e-02	2.222609099350046288e-02	3.760445682451253602e-02	7.575054162797895119e-02	1.240134633240482787e-01	2.042711234911791934e-02	2.712008666047663330e-02	5.288610337356855484e-02	7.530563293098112287e-02	4.565150108325595479e-02	7.989012689569792089e-03	2.063989476942123050e-02	5.041008975549365195e-02	0.000000000000000000e+00	0.000000000000000000e+00	0.000000000000000000e+00	5.186087898483441455e-02
6.516945218198699763e-02	5.195759826679046539e-02	3.245899102445063550e-02	4.739244815846486991e-02	3.387109254100897221e-02	4.549675023212627900e-02	7.758820798514391714e-02	5.344707520891364694e-02	2.410244506344784779e-02	4.056406685236768617e-02	7.731739399566697757e-02	6.886412875270814249e-02	1.818322500773754402e-02	2.907381615598885957e-02	7.488006809037449363e-02	8.195991952955741788e-02	4.536134323738780227e-02	8.782110801609408282e-03	2.212937171154441204e-02	5.131925100588053540e-02	0.000000000000000000e+00	0.000000000000000000e+00	1.934385639121015171e-05	5.006190034045187448e-02
5.886335499845249397e-02	5.023599504797276322e-02	3.973228102754565449e-02	5.000386877127824259e-02	2.545651501083255955e-02	4.431677499226245598e-02	8.136025998142989990e-02	5.166744042092231287e-02	2.828071804394924338e-02	3.735298669142680245e-02	7.447384710615907732e-02	7.385484370164036028e-02	1.882157226864747748e-02	4.276926648096564254e-02	5.275069637883008505e-02	7.807180439492417134e-02	4.607706592386258404e-02	8.163107397090684295e-03	4.077684927267100079e-02	4.874651810584958167e-02	0.000000000000000000e+00	0.000000000000000000e+00	1.934385639121015171e-05	4.820489012689569558e-02
6.122330547818013308e-02	5.437558031569173639e-02	3.692742185082018014e-02	4.650263076446920635e-02	1.737078303930671488e-02	4.363974001857010010e-02	9.354688950789229185e-02	6.137805632930980887e-02	2.375425564840606685e-02	3.953884246363355282e-02	7.998684617765397520e-02	8.509362426493345677e-02	1.928582482203652221e-02	2.982822655524605335e-02	5.296347879913339274e-02	7.874883936861652722e-02	4.791473228102754306e-02	7.795574125657691276e-03	2.170380687093778974e-02	5.168678427731352581e-02	0.000000000000000000e+00	0.000000000000000000e+00	0.000000000000000000e+00	4.673475704116372698e-02
5.925023212627669733e-02	5.406607861343237093e-02	3.431600123800680746e-02	4.799210770659238789e-02	5.685159393376663234e-02	4.665738161559888908e-02	7.310043330238316650e-02	5.389198390591148219e-02	2.491488703187867693e-02	4.133782110801609289e-02	7.768492726709996798e-02	7.693051686784277421e-02	1.980810894459919536e-02	2.889972144846796737e-02	5.346641906530485988e-02	7.422237697307335069e-02	4.959764778706282629e-02	8.666047663262147968e-03	2.183921386567625952e-02	5.118384401114205867e-02	0.000000000000000000e+00	0.000000000000000000e+00	0.000000000000000000e+00	4.532265552460538333e-02
6.439569792633859091e-02	5.648406066233364192e-02	4.050603528319405428e-02	4.886258124419684545e-02	1.702259362426493394e-02	4.367842773135251905e-02	8.041241101826060445e-02	7.035360569483131710e-02	2.756499535747446508e-02	4.033194057567316554e-02	7.824589910244506008e-02	7.814917982048900924e-02	2.079464562055091323e-02	2.768105849582172540e-02	5.257660167130918938e-02	8.159238625812441359e-02	4.427808727948003703e-02	7.834261838440111092e-03	2.191658929124110089e-02	5.385329619312906324e-02	0.000000000000000000e+00	0.000000000000000000e+00	3.868771278242030343e-05	4.342695759826679242e-02
5.820566388115134410e-02	5.246053853296193253e-02	3.493500464252553145e-02	4.828226555246054041e-02	1.814453729495512160e-02	4.381383472609099577e-02	9.225085112968121892e-02	5.197694212318167833e-02	3.166589291241101584e-02	3.803002166511915833e-02	7.596332404828226581e-02	8.932992881460848078e-02	2.143299288146084669e-02	3.522516248839368397e-02	5.162875270813989392e-02	8.064453729495511813e-02	5.044877746827607784e-02	8.414577530176416131e-03	2.191658929124110089e-02	5.387264004952026925e-02	0.000000000000000000e+00	0.000000000000000000e+00	0.000000000000000000e+00	4.135716496440730583e-02
6.776152893840915736e-02	5.298282265552460568e-02	3.710151655834106887e-02	4.828226555246054041e-02	4.118307025688641015e-02	4.847570411637264209e-02	7.580857319715259002e-02	5.783813060971835368e-02	2.429588362735994947e-02	3.884246363354998399e-02	7.607938718662952959e-02	7.306174558960074061e-02	1.990482822655524620e-02	2.949938099659548188e-02	5.336969978334880904e-02	8.143763540699473780e-02	5.188022284122562749e-02	7.814917982048901618e-03	2.209068399876199310e-02	5.249922624574435148e-02	0.000000000000000000e+00	0.000000000000000000e+00	1.934385639121015171e-05	3.977096874032807344e-02
5.843779015784586472e-02	5.940498297740637312e-02	3.462550294026617292e-02	4.687016403590219676e-02	1.804781801299907076e-02	4.449086969978335165e-02	7.944521819870009605e-02	7.346796657381615692e-02	2.466341689879294335e-02	3.874574435159393315e-02	8.749226245744351482e-02	7.489941194676570657e-02	1.971138966264314452e-02	4.611575363664500299e-02	5.356313834726091072e-02	7.528628907458990993e-02	4.431677499226245598e-02	7.679510987310430095e-03	2.448932219127205115e-02	5.031337047353760111e-02	0.000000000000000000e+00	0.000000000000000000e+00	3.868771278242030343e-05	3.789461467038068854e-02
5.996595481275147216e-02	5.748994119467656927e-02	3.866836892602909526e-02	4.853373568554626705e-02	1.733209532652429594e-02	4.623181677499225983e-02	7.791705354379449555e-02	5.524605385329619395e-02	2.288378211080160929e-02	4.381383472609099577e-02	7.609873104302074254e-02	1.007041163726400540e-01	1.922779325286289032e-02	2.880300216651191653e-02	5.348576292169606589e-02	8.004487774682761403e-02	5.129990714948932246e-02	7.950324976787373141e-03	2.313525224388734286e-02	5.507195914577530521e-02	0.000000000000000000e+00	0.000000000000000000e+00	1.934385639121015171e-05	3.607629216960693552e-02
7.215258433921387105e-02	5.903744970597338271e-02	3.516713091922005902e-02	4.599969049829773921e-02	2.021432992881460819e-02	4.975239863819250902e-02	7.385484370164036028e-02	5.857319715258434145e-02	3.029247910863509807e-02	3.948081089445992092e-02	7.704658000619003799e-02	7.811049210770659723e-02	1.969204580625193504e-02	2.831940575673166233e-02	5.654209223150727381e-02	8.333333333333332871e-02	5.060352831940575363e-02	9.729959764778705472e-03	2.243887341380377751e-02	5.542014856081708268e-02	0.000000000000000000e+00	0.000000000000000000e+00	1.934385639121015171e-05	3.421928195605075662e-02
6.037217579696688152e-02	5.466573816155988891e-02	3.715954812751470077e-02	4.839832869080779726e-02	1.889894769421231885e-02	4.249845249148870296e-02	7.571185391519653918e-02	5.425951717734447260e-02	3.572810275456515111e-02	3.806870937790157727e-02	7.901965335809346680e-02	7.528628907458990993e-02	1.880222841225626801e-02	5.373723305478179946e-02	5.416279789538842176e-02	8.466805942432682752e-02	5.162875270813989392e-02	7.505416279789538757e-03	2.514701330857319755e-02	5.164809656453110687e-02	0.000000000000000000e+00	0.000000000000000000e+00	1.934385639121015171e-05	3.261374187558031823e-02
6.296425255338904126e-02	5.841844630145465872e-02	3.882311977715877105e-02	4.735376044568245096e-02	1.688718662952646068e-02	5.079696688331785531e-02	7.826524295883627302e-02	6.054627050448777720e-02	2.387031878675332716e-02	3.876508820798514610e-02	8.466805942432682752e-02	8.155369854534200158e-02	1.911173011451563000e-02	3.048591767254719975e-02	5.137728257505416035e-02	9.615831012070566453e-02	4.936552151036830566e-02	7.389353141442277575e-03	2.226477870628288530e-02	5.019730733519034427e-02	0.000000000000000000e+00	0.000000000000000000e+00	0.000000000000000000e+00	3.073738780563292985e-02
6.302228412256268009e-02	6.534354688950788637e-02	3.845558650572578063e-02	4.952027236149798839e-02	2.298050139275766013e-02	5.379526462395543135e-02	8.404905601980811047e-02	5.414345403899721576e-02	2.534045187248529923e-02	3.853296193129062547e-02	7.950324976787372100e-02	8.060584958217270612e-02	2.046580006190034176e-02	2.706205509130300141e-02	5.429820489012689849e-02	7.843933766635716176e-02	5.149334571340142414e-02	8.627359950479727285e-03	2.218740328071804394e-02	5.313757350665428841e-02	0.000000000000000000e+00	0.000000000000000000e+00	1.934385639121015171e-05	2.897709687403280873e-02
5.805091303002166830e-02	5.897941813679975082e-02	3.946146703806870798e-02	4.774063757350665432e-02	1.903435468895078864e-02	4.567084493964716774e-02	7.896162178891984185e-02	5.692896935933147717e-02	2.512766945218198808e-02	4.532265552460538333e-02	9.029712163416898918e-02	8.847879913339523617e-02	2.048514391829155123e-02	2.895775301764159579e-02	5.300216651191581863e-02	8.491952955741256803e-02	5.157072113896626203e-02	7.408696997833487917e-03	2.116217889198390711e-02	5.147400185701021119e-02	0.000000000000000000e+00	0.000000000000000000e+00	0.000000000000000000e+00	2.696533580934695057e-02
6.151346332404828560e-02	5.607783967811823256e-02	3.731429897864438350e-02	4.834029712163417231e-02	1.448854843701640437e-02	4.538068709377901522e-02	8.178582482203651527e-02	5.601980810894460067e-02	4.263385948622717275e-02	3.878443206437635210e-02	7.455122253172392910e-02	8.060584958217270612e-02	2.034973692355307798e-02	2.849350046425255453e-02	6.079774063757350383e-02	9.501702259362426739e-02	5.228644382544103686e-02	7.099195295574125923e-03	2.166511915815537079e-02	5.145465800061900519e-02	0.000000000000000000e+00	0.000000000000000000e+00	3.868771278242030343e-05	2.530176415970287682e-02
6.352522438873413335e-02	5.609718353450943856e-02	3.982900030950170533e-02	4.905601980810894713e-02	2.154905601980811047e-02	5.033271432992881406e-02	7.917440420922315647e-02	5.385329619312906324e-02	2.508898173939956566e-02	3.793330238316310749e-02	7.547972763850201161e-02	8.758898173939956566e-02	1.978876508820798588e-02	2.951872485298669135e-02	5.561358712472918436e-02	8.203729495512225578e-02	6.149411946765707265e-02	7.969668833178582615e-03	2.915119158155369747e-02	5.186087898483441455e-02	0.000000000000000000e+00	0.000000000000000000e+00	0.000000000000000000e+00	2.305787681832250149e-02
6.155215103683070454e-02	6.010136180748994195e-02	3.503172392448158229e-02	4.853373568554626705e-02	1.957598266790467473e-02	4.545806251934385311e-02	7.938718662952645722e-02	6.691039925719591275e-02	3.673398328690807846e-02	3.888115134633240294e-02	9.857629216960693552e-02	8.064453729495511813e-02	1.978876508820798588e-02	3.230424017332095277e-02	5.464639430516867596e-02	7.447384710615907732e-02	4.658000619003404424e-02	6.692974311358712222e-03	2.116217889198390711e-02	5.180284741566078960e-02	0.000000000000000000e+00	0.000000000000000000e+00	1.934385639121015171e-05	2.114283503559269417e-02
6.455044877746828058e-02	5.547818012999071458e-02	3.704348498916743698e-02	4.841767254719901020e-02	2.226477870628288530e-02	4.934617765397709965e-02	8.896239554317549036e-02	5.224775611265861791e-02	2.510832559579077514e-02	4.594165892912410731e-02	7.851671309192199966e-02	9.118693902816465968e-02	2.042711234911791934e-02	3.096951408232745395e-02	5.553621169916434647e-02	7.623413803775920539e-02	5.712240792324357885e-02	7.892293407613741249e-03	2.062055091303002102e-02	5.333101207056639009e-02	0.000000000000000000e+00	0.000000000000000000e+00	0.000000000000000000e+00	1.880222841225626801e-02
6.180362116991643118e-02	6.841922005571030030e-02	4.066078613432373701e-02	5.008124419684308049e-02	1.762225317239244846e-02	4.853373568554626705e-02	7.865212008666047638e-02	5.487852058186320353e-02	3.000232126276694555e-02	4.304008047044258906e-02	7.567316620241411329e-02	9.629371711544414125e-02	2.058186320024760207e-02	2.795187248529866844e-02	5.443361188486536828e-02	8.000619003404518814e-02	5.149334571340142414e-02	7.892293407613741249e-03	2.123955431754874501e-02	5.375657691117301240e-02	0.000000000000000000e+00	0.000000000000000000e+00	1.934385639121015171e-05	1.696456205509130205e-02
5.992726709996905321e-02	5.222841225626741191e-02	3.783658310120705665e-02	4.834029712163417231e-02	1.673243577839678142e-02	4.524528009904054543e-02	7.760755184153513009e-02	5.518802228412256206e-02	4.946224079232435650e-02	4.795341999380996895e-02	8.228876508820798241e-02	7.967734447539460974e-02	2.091070875889817354e-02	3.236227174249458466e-02	6.735530795419375494e-02	7.631151346332404328e-02	5.592308882698854983e-02	6.538223460229031225e-03	1.994351593933766514e-02	5.375657691117301240e-02	0.000000000000000000e+00	0.000000000000000000e+00	0.000000000000000000e+00	1.441117301145156300e-02
6.002398638192510405e-02	5.451098731043020618e-02	3.746904982977406623e-02	4.957830393067162028e-02	2.319328381306097128e-02	5.897941813679975082e-02	8.344939647168059249e-02	6.089445991952955467e-02	4.013850201176106386e-02	3.799133395233673938e-02	7.451253481894150321e-02	8.551918910554008602e-02	1.961467038068709368e-02	3.000232126276694555e-02	5.741256576911173137e-02	7.832327452800989798e-02	4.708294645620551139e-02	7.486072423398328415e-03	3.033116682141751702e-02	5.114515629835963972e-02	0.000000000000000000e+00	0.000000000000000000e+00	1.934385639121015171e-05	1.232203652120086694e-02
6.439569792633859091e-02	6.627205199628598276e-02	3.727561126586196455e-02	5.186087898483441455e-02	1.439182915506035353e-02	4.665738161559888908e-02	8.965877437325905919e-02	5.870860414732281124e-02	2.110414732281027522e-02	4.516790467347570753e-02	8.250154750851129704e-02	8.126354069947384906e-02	2.158774373259052942e-02	2.978953884246363440e-02	5.290544722995976779e-02	8.108944599195296032e-02	6.253868771278242589e-02	7.621479418136799938e-03	1.992417208294645567e-02	5.540080470442587668e-02	0.000000000000000000e+00	0.000000000000000000e+00	1.934385639121015171e-05	9.865366759517176995e-03
6.366063138347261008e-02	5.102909316001238288e-02	3.781723924481584370e-02	4.758588672237697159e-02	2.624961312287217574e-02	4.356236459300526220e-02	8.159238625812441359e-02	6.727793252862890316e-02	2.038842463633550040e-02	5.278938409161250400e-02	8.758898173939956566e-02	8.631228721757969180e-02	1.973073351903435399e-02	3.116295264623955563e-02	5.712240792324357885e-02	7.714329928814608883e-02	5.625193438563912129e-02	7.718198700092850778e-03	2.212937171154441204e-02	5.588440111420613088e-02	0.000000000000000000e+00	0.000000000000000000e+00	0.000000000000000000e+00	7.002476013618075083e-03
6.263540699473847673e-02	4.329155060352832263e-02	4.187944908696997898e-02	4.721835345094398118e-02	1.143221912720519991e-02	4.607706592386258404e-02	1.034509439801918895e-01	5.694831321572268318e-02	4.805013927576601979e-02	4.356236459300526220e-02	8.664113277623027021e-02	7.306174558960074061e-02	2.125889817393995795e-02	2.752630764469204613e-02	6.781956050758279619e-02	8.047044258743422940e-02	5.141597028783658624e-02	7.524760136180749098e-03	2.048514391829155123e-02	5.485917672547199059e-02	0.000000000000000000e+00	0.000000000000000000e+00	0.000000000000000000e+00	4.391055400804704141e-03
6.381538223460228587e-02	4.870783039306716272e-02	4.019653358093469575e-02	4.953961621788920133e-02	1.174172082946456190e-02	4.948158464871556944e-02	9.571340142370783621e-02	5.137728257505416035e-02	1.969204580625193504e-02	3.946146703806870798e-02	7.762689569792634303e-02	8.524837511606313256e-02	2.023367378520581766e-02	3.679201485608171035e-02	6.217115444134942853e-02	7.992881460848035025e-02	7.308108944599195356e-02	7.389353141442277575e-03	2.617223769730733438e-02	5.905679356236459565e-02	0.000000000000000000e+00	0.000000000000000000e+00	0.000000000000000000e+00	2.572732900030950259e-03
5.828303930671618893e-02	4.004178272980501302e-02	4.000309501702259407e-02	7.311977715877437944e-02	2.532110801609408976e-02	4.280795419374806843e-02	1.161985453419993874e-01	7.215258433921387105e-02	2.038842463633550040e-02	4.408464871556793535e-02	7.967734447539460974e-02	6.070102135561745299e-02	1.752553389043639762e-02	3.203342618384401319e-02	6.830315691736305039e-02	7.400959455277003607e-02	4.923011451562983587e-02	7.505416279789538757e-03	1.994351593933766514e-02	5.754797276385020116e-02	0.000000000000000000e+00	0.000000000000000000e+00	0.000000000000000000e+00	1.121943670690188745e-03
5.845713401423707767e-02	4.286598576292169338e-02	3.450943980191890914e-02	2.715877437325905225e-02	2.129758588672237690e-02	4.915273909006499797e-02	9.219281956050758009e-02	6.576911173011451561e-02	1.740947075208913730e-02	6.884478489631692955e-02	1.063718662952646277e-01	5.367920148560816757e-02	2.592076756422160427e-02	3.481894150417827460e-02	5.536211699164345079e-02	7.000541627978953962e-02	4.899798823893531524e-02	7.640823274528010280e-03	3.512844320643763313e-02	8.441658929124110089e-02	0.000000000000000000e+00	0.000000000000000000e+00	0.000000000000000000e+00	0.000000000000000000e+00
0.000000000000000000e+00	0.000000000000000000e+00	0.000000000000000000e+00	0.000000000000000000e+00	0.000000000000000000e+00	0.000000000000000000e+00	0.000000000000000000e+00	0.000000000000000000e+00	0.000000000000000000e+00	0.000000000000000000e+00	0.000000000000000000e+00	1.000000000000000000e+00	0.000000000000000000e+00	0.000000000000000000e+00	0.000000000000000000e+00	0.000000000000000000e+00	0.000000000000000000e+00	0.000000000000000000e+00	0.000000000000000000e+00	0.000000000000000000e+00	0.000000000000000000e+00	0.000000000000000000e+00	0.000000000000000000e+00	0.000000000000000000e+00
7.559579077684927539e-02	3.948081089445992092e-02	3.677267099969049741e-02	4.056406685236768617e-02	3.083410708758898069e-02	5.321494893221912631e-02	9.085809346951408128e-02	4.986846177653977280e-02	2.201330857319715173e-02	5.102909316001238288e-02	9.352754565150107890e-02	4.837898483441659125e-02	2.481816774992262609e-02	2.742958836273599529e-02	9.596487155679356285e-02	7.099195295574126097e-02	5.590374497059733688e-02	7.544103992571959440e-03	2.274837511606313950e-02	6.184230888269885706e-02	0.000000000000000000e+00	0.000000000000000000e+00	0.000000000000000000e+00	6.190034045187248549e-04
5.313757350665428841e-02	3.483828536056948061e-02	4.023522129371711470e-02	5.217038068709378001e-02	1.868616527390900769e-02	4.868848653667594978e-02	1.886993190962550360e-01	4.845636025998142915e-02	2.534045187248529923e-02	4.112503868771278520e-02	8.054781801299906729e-02	5.137728257505416035e-02	1.584261838440111439e-02	4.791473228102754306e-02	4.812751470133085768e-02	6.629139585267719570e-02	4.158929124110182646e-02	7.872949551222531775e-03	4.081553698545341974e-02	4.663803775920767614e-02	0.000000000000000000e+00	0.000000000000000000e+00	0.000000000000000000e+00	1.605540080470442511e-03
6.141674404209223476e-02	5.093237387805633204e-02	4.106700711853915331e-02	4.721835345094398118e-02	1.249613122872175741e-02	5.029402661714639511e-02	1.013811513463324099e-01	6.133936861652738992e-02	2.112349117920148470e-02	4.774063757350665432e-02	9.058727948003714170e-02	7.580857319715259002e-02	1.897632311977716021e-02	3.011838440111420587e-02	6.482126276694522016e-02	7.905834107087589269e-02	5.193825441039925939e-02	7.756886412875270594e-03	1.911173011451563000e-02	6.383472609099349881e-02	0.000000000000000000e+00	0.000000000000000000e+00	0.000000000000000000e+00	2.978953884246363527e-03
5.919220055710306544e-02	4.710229031259671739e-02	3.650185701021355783e-02	5.093237387805633204e-02	5.574899411946765415e-02	5.203497369235531023e-02	9.457211389662642520e-02	5.509130300216651122e-02	2.247756112658619645e-02	4.557412565769111690e-02	8.493887341380378098e-02	7.412565769111729985e-02	1.721603218817703562e-02	3.042788610337356786e-02	5.681290622098421339e-02	7.629216960693284422e-02	5.313757350665428841e-02	7.814917982048901618e-03	1.928582482203652221e-02	5.561358712472918436e-02	0.000000000000000000e+00	0.000000000000000000e+00	0.000000000000000000e+00	5.106778087279479836e-03
6.447307335190342881e-02	5.112581244196843372e-02	4.392989786443825262e-02	5.760600433302383305e-02	1.272825750541627977e-02	5.027468276075518216e-02	9.737697307335189956e-02	7.275224388734137515e-02	2.628830083565459469e-02	3.810739709068399622e-02	8.137960383782111284e-02	7.638888888888889506e-02	1.754487774682760709e-02	2.961544413494274219e-02	5.617455896007428340e-02	8.335267718972454165e-02	5.052615289384091574e-02	7.834261838440111092e-03	2.087202104611575459e-02	5.404673475704116492e-02	0.000000000000000000e+00	0.000000000000000000e+00	0.000000000000000000e+00	7.602135561745589597e-03
5.907613741875580166e-02	5.046812132466728384e-02	3.706282884555864993e-02	4.923011451562983587e-02	1.543639740018570156e-02	4.777932528628907327e-02	1.017680284741566132e-01	5.427886103373568555e-02	3.091148251315382206e-02	4.054472299597648016e-02	8.139894769421231191e-02	9.083874961312286833e-02	1.824125657691117244e-02	3.803002166511915833e-02	5.596177653977096877e-02	8.093469514082327065e-02	5.226709996904983085e-02	8.279170535437944609e-03	2.232281027545651372e-02	5.503327143299287932e-02	0.000000000000000000e+00	0.000000000000000000e+00	0.000000000000000000e+00	1.013618074899412004e-02
6.778087279480037031e-02	5.516867842773134911e-02	4.017718972454348281e-02	5.164809656453110687e-02	4.095094398019188953e-02	5.176415970287836371e-02	8.435855772206747594e-02	5.973382853605695153e-02	2.414113277623027021e-02	3.733364283503558950e-02	7.542169606932838666e-02	7.776230269266480588e-02	1.650030950170226079e-02	2.588207985143918186e-02	5.723847106159083570e-02	8.428118229650262416e-02	5.300216651191581863e-02	7.505416279789538757e-03	2.269034354688950761e-02	5.398870318786753303e-02	0.000000000000000000e+00	0.000000000000000000e+00	0.000000000000000000e+00	1.267022593624264962e-02
5.853450943980191556e-02	5.849582172701949662e-02	3.642448158464871300e-02	5.180284741566078960e-02	1.682915506035283226e-02	4.530331166821417732e-02	8.708604147322809852e-02	7.546038378211079867e-02	2.481816774992262609e-02	3.803002166511915833e-02	8.857551841535128700e-02	7.894227793252862890e-02	1.655834107087588922e-02	4.634787991333952362e-02	5.499458372021046038e-02	7.621479418136799244e-02	4.746982358402971475e-02	7.795574125657691276e-03	2.336737852058186349e-02	5.188022284122562749e-02	0.000000000000000000e+00	0.000000000000000000e+00	0.000000000000000000e+00	1.506886412875270767e-02
6.006267409470752300e-02	6.008201795109872900e-02	4.319483132157227179e-02	4.938486536675951860e-02	1.688718662952646068e-02	4.572887650882079963e-02	8.226942123181676947e-02	5.400804704425874597e-02	2.230346641906530425e-02	4.470365212008665934e-02	7.571185391519653918e-02	1.069715258433921318e-01	1.750619003404518814e-02	2.766171463943051592e-02	5.441426802847415534e-02	8.416511915815537426e-02	5.393067161869390114e-02	7.466728567007118941e-03	2.348344165892912380e-02	5.278938409161250400e-02	0.000000000000000000e+00	0.000000000000000000e+00	0.000000000000000000e+00	1.727406375735066404e-02
7.321649644073043028e-02	6.203574744661095874e-02	3.702414113277623098e-02	5.099040544722995699e-02	2.036908077994429092e-02	5.217038068709378001e-02	7.635020117610646917e-02	5.872794800371401724e-02	3.009904054472299639e-02	3.901655834107087273e-02	7.501547508511297035e-02	7.940653048591767016e-02	1.793175487465181045e-02	2.965413184772516114e-02	5.404673475704116492e-02	8.464871556793562846e-02	5.120318786753327162e-02	8.801454658000619491e-03	2.272903125967192656e-02	5.683225007737542633e-02	0.000000000000000000e+00	0.000000000000000000e+00	0.000000000000000000e+00	1.973073351903435399e-02
5.824435159393376998e-02	5.569096255029402920e-02	4.069947384710615595e-02	4.849504797276384810e-02	1.870550913030021717e-02	4.729572887650881907e-02	7.878752708139895311e-02	5.389198390591148219e-02	3.814608480346642211e-02	3.634710615908387510e-02	7.633085731971525623e-02	8.052847415660786823e-02	1.568786753327143166e-02	5.412411018260600282e-02	5.588440111420613088e-02	8.447462086041472584e-02	5.261528938409161527e-02	7.698854843701640437e-03	2.323197152584339370e-02	5.122253172392448456e-02	0.000000000000000000e+00	0.000000000000000000e+00	0.000000000000000000e+00	2.189724543484989142e-02
5.896007428040854481e-02	5.781878675332714074e-02	4.050603528319405428e-02	4.746982358402971475e-02	1.704193748065614342e-02	5.201562983596409728e-02	8.157304240173321452e-02	5.948235840297121796e-02	2.454735376044568304e-02	3.903590219746208567e-02	8.337202104611575459e-02	8.364283503559269417e-02	1.715800061900340373e-02	3.106623336428350479e-02	5.338904363974002198e-02	9.952414113277623098e-02	5.000386877127824259e-02	7.524760136180749098e-03	2.094939647168059596e-02	5.070024760136180447e-02	0.000000000000000000e+00	0.000000000000000000e+00	0.000000000000000000e+00	2.421850820179511157e-02
6.188099659548127601e-02	6.683302383163107485e-02	4.058341070875889911e-02	4.756654286598576559e-02	2.313525224388734286e-02	5.251857010213556443e-02	8.337202104611575459e-02	5.661946765707211171e-02	2.549520272361497850e-02	4.062209842154131806e-02	8.064453729495511813e-02	8.352677189724543039e-02	1.700324976787372447e-02	2.744893221912720477e-02	5.290544722995976779e-02	7.673707830393067253e-02	5.207366140513772917e-02	9.459145775301764161e-03	2.398638192510058748e-02	5.151268956979263708e-02	0.000000000000000000e+00	0.000000000000000000e+00	0.000000000000000000e+00	2.607551841535128354e-02
5.880532342927886208e-02	5.940498297740637312e-02	3.924868461776540030e-02	4.783735685546270516e-02	2.015629835964097630e-02	4.746982358402971475e-02	7.812983596409779630e-02	5.718043949241721075e-02	2.249690498297740593e-02	4.420071185391519913e-02	8.873026926648096280e-02	8.789848344165893113e-02	1.816388115134633108e-02	3.079541937480656175e-02	5.414345403899721576e-02	8.466805942432682752e-02	4.982977406375735385e-02	7.718198700092850778e-03	2.247756112658619645e-02	5.251857010213556443e-02	0.000000000000000000e+00	0.000000000000000000e+00	0.000000000000000000e+00	2.812596719281956065e-02
6.389275766016713765e-02	5.476245744351593975e-02	3.671463943051686551e-02	4.770194986072423537e-02	1.651965335809347027e-02	4.478102754565150417e-02	8.254023522129372292e-02	5.371788919839059345e-02	4.323351903435469074e-02	3.864902506963788231e-02	7.132079851439182550e-02	8.062519343856390519e-02	1.715800061900340373e-02	2.802924791086350981e-02	6.114593005261528824e-02	9.389507892293406932e-02	5.493655215103682848e-02	7.137883008356545739e-03	2.270968740328071708e-02	5.062287217579696658e-02	0.000000000000000000e+00	0.000000000000000000e+00	0.000000000000000000e+00	2.990560198081089471e-02
6.162952646239554244e-02	5.630996595481275319e-02	3.980965645311049239e-02	4.899798823893531524e-02	2.216805942432683446e-02	4.973305478180130301e-02	7.936784277313525815e-02	5.445295574125657428e-02	2.655911482513153773e-02	3.917130919220055546e-02	7.445450324976787826e-02	8.393299288146084669e-02	1.748684617765397867e-02	2.868693902816465621e-02	5.474311358712472680e-02	8.242417208294645914e-02	5.971448467966573859e-02	7.660167130919219754e-03	2.802924791086350981e-02	5.240250696378830064e-02	0.000000000000000000e+00	0.000000000000000000e+00	0.000000000000000000e+00	3.226555246053853382e-02
5.874729186010523019e-02	5.837975858867223977e-02	3.605694831321572258e-02	4.553543794490869795e-02	1.806716186939028024e-02	4.362039616217889409e-02	7.625348189415041833e-02	6.721990095945527821e-02	3.793330238316310749e-02	3.851361807489941252e-02	9.729959764778706166e-02	7.731739399566697757e-02	1.775766016713091824e-02	3.209145775301763814e-02	5.352445063447849177e-02	7.793639740018569462e-02	4.754719900959455264e-02	8.395233673785206657e-03	2.106545961002785627e-02	5.246053853296193253e-02	0.000000000000000000e+00	0.000000000000000000e+00	0.000000000000000000e+00	3.427731352522438851e-02
6.126199319096255202e-02	5.576833797585886709e-02	3.596022903125967174e-02	4.723769730733518718e-02	2.429588362735994947e-02	4.973305478180130301e-02	8.971680594243268414e-02	5.373723305478179946e-02	2.363819251005880653e-02	4.601903435468895215e-02	7.561513463324048834e-02	8.592541008975548844e-02	1.831863200247601381e-02	3.085345094398019017e-02	5.120318786753327162e-02	7.602135561745589076e-02	5.478180129990715269e-02	7.311977715877437077e-03	2.224543484989167583e-02	5.408542246982358387e-02	0.000000000000000000e+00	0.000000000000000000e+00	0.000000000000000000e+00	3.626973073351903720e-02
6.070102135561745299e-02	6.727793252862890316e-02	3.849427421850819958e-02	4.835964097802537831e-02	2.123955431754874501e-02	4.830160940885174642e-02	7.443515939337666532e-02	5.425951717734447260e-02	3.058263695450325059e-02	4.147322810275456267e-02	7.559579077684927539e-02	9.139972144846796043e-02	1.887960383782110937e-02	2.924791086350974831e-02	5.141597028783658624e-02	7.675642216032188547e-02	4.888192510058805146e-02	7.795574125657691276e-03	2.280640668523676792e-02	5.391132776230269513e-02	0.000000000000000000e+00	0.000000000000000000e+00	0.000000000000000000e+00	3.818477251624884106e-02
5.843779015784586472e-02	5.367920148560816757e-02	3.449009594552770314e-02	4.913339523367378503e-02	1.899566697616836969e-02	4.216960693283813150e-02	7.925177963478799437e-02	5.427886103373568555e-02	4.853373568554626705e-02	4.729572887650881907e-02	7.627282575054163127e-02	7.607938718662952959e-02	1.609408851748684449e-02	3.160786134323739088e-02	6.207443515939337769e-02	7.704658000619003799e-02	5.375657691117301240e-02	8.279170535437944609e-03	2.143299288146084669e-02	5.095171773444753804e-02	0.000000000000000000e+00	0.000000000000000000e+00	0.000000000000000000e+00	4.013850201176106386e-02
5.719978334880841675e-02	5.580702568864128604e-02	3.445140823274527725e-02	4.777932528628907327e-02	2.483751160631383556e-02	5.476245744351593975e-02	7.946456205509130899e-02	5.882466728567006808e-02	4.017718972454348281e-02	3.661792014856081467e-02	7.265552460538532431e-02	8.021897245434850277e-02	1.872485298669142664e-02	3.127901578458681248e-02	5.071959145775301742e-02	7.880687093779015218e-02	4.694753946146703466e-02	8.182451253481893769e-03	3.131770349736923836e-02	4.915273909006499797e-02	0.000000000000000000e+00	0.000000000000000000e+00	0.000000000000000000e+00	4.207288765088208066e-02
5.872794800371401724e-02	6.588517486846177940e-02	3.655988857938718972e-02	4.808882698854843873e-02	1.849272670999690601e-02	4.598034664190653320e-02	8.536443825441039635e-02	5.822500773754255704e-02	2.334803466419065401e-02	4.048669142680284827e-02	7.559579077684927539e-02	8.085731971525843276e-02	1.829928814608480434e-02	2.808727948003714170e-02	5.352445063447849177e-02	7.824589910244506008e-02	5.944367069018879901e-02	7.834261838440111092e-03	2.162643144537294837e-02	5.108712472918600783e-02	0.000000000000000000e+00	0.000000000000000000e+00	0.000000000000000000e+00	4.423939956669761808e-02
5.766403590219746494e-02	5.414345403899721576e-02	3.429665738161560146e-02	4.845636025998142915e-02	2.946069328381305946e-02	4.271123491179201759e-02	7.462859795728876700e-02	6.631073970906839476e-02	2.166511915815537079e-02	4.913339523367378503e-02	7.874883936861652722e-02	8.594475394614670138e-02	1.839600742804085518e-02	2.953806870937790083e-02	5.306019808108944358e-02	7.644692045806252001e-02	5.155137728257505603e-02	7.602135561745589597e-03	2.133627359950479585e-02	5.271200866604766611e-02	0.000000000000000000e+00	0.000000000000000000e+00	0.000000000000000000e+00	4.619312906220984088e-02
5.870860414732281124e-02	5.128056329309810951e-02	3.830083565459609790e-02	4.810817084493964474e-02	1.777700402352212772e-02	4.329155060352832263e-02	8.811126586196224575e-02	5.327298050139275820e-02	4.727638502011761307e-02	3.967424945837202260e-02	7.582791705354378908e-02	7.547972763850201161e-02	1.688718662952646068e-02	2.942200557103064051e-02	5.812828845558650620e-02	8.306251934385638913e-02	4.810817084493964474e-02	6.925100588053234585e-03	2.160708758898173890e-02	5.085499845249148720e-02	0.000000000000000000e+00	0.000000000000000000e+00	0.000000000000000000e+00	4.789538842463633705e-02
5.896007428040854481e-02	5.056484060662333468e-02	3.501238006809037628e-02	4.913339523367378503e-02	1.626818322500773670e-02	4.569018879603838068e-02	8.122485298669142317e-02	5.176415970287836371e-02	2.359950479727638412e-02	3.810739709068399622e-02	7.468662952646239195e-02	8.772438873413804239e-02	1.700324976787372447e-02	3.700479727638501803e-02	5.126121943670690351e-02	7.853605694831321260e-02	6.667827298050139906e-02	7.930981120396161932e-03	2.775843392138656676e-02	5.100974930362116994e-02	0.000000000000000000e+00	0.000000000000000000e+00	0.000000000000000000e+00	5.008124419684308049e-02
5.855385329619312851e-02	5.056484060662333468e-02	3.545728876508820460e-02	4.739244815846486991e-02	2.849350046425255453e-02	4.439415041782730081e-02	7.741411327762302841e-02	7.075982667904673340e-02	2.555323429278861039e-02	4.004178272980501302e-02	7.776230269266480588e-02	7.292633859486227776e-02	1.711931290622098478e-02	3.025379139585267566e-02	6.474388734138038226e-02	7.776230269266480588e-02	4.719900959455276823e-02	7.679510987310430095e-03	2.129758588672237690e-02	5.271200866604766611e-02	0.000000000000000000e+00	0.000000000000000000e+00	0.000000000000000000e+00	5.191891055400804644e-02
5.580702568864128604e-02	5.242185082017951359e-02	3.381306097183534726e-02	4.890126895697926440e-02	2.429588362735994947e-02	4.899798823893531524e-02	9.507505416279789234e-02	6.253868771278242589e-02	2.493423088826988640e-02	3.727561126586196455e-02	7.687248529866914926e-02	7.190111420612813053e-02	1.698390591148251152e-02	3.096951408232745395e-02	5.041008975549365195e-02	7.501547508511297035e-02	4.563215722686474879e-02	8.085731971525842929e-03	3.580547818012998901e-02	5.027468276075518216e-02	0.000000000000000000e+00	0.000000000000000000e+00	0.000000000000000000e+00	5.398870318786753303e-02
5.518802228412256206e-02	5.623259052924790835e-02	3.744970597338285329e-02	4.628984834416589172e-02	1.870550913030021717e-02	4.592231507273290131e-02	7.876818322500774017e-02	5.346641906530485988e-02	2.255493655215103782e-02	3.789461467038068854e-02	7.193980191891055642e-02	1.219823584029712110e-01	1.696456205509130205e-02	2.715877437325905225e-02	5.128056329309810951e-02	7.768492726709996798e-02	4.627050448777468572e-02	7.311977715877437077e-03	2.193593314763231036e-02	4.903667595171773419e-02	0.000000000000000000e+00	0.000000000000000000e+00	0.000000000000000000e+00	5.596177653977096877e-02
6.255803156917362495e-02	5.155137728257505603e-02	3.576679046734757006e-02	4.793407613741875600e-02	3.191736304549674941e-02	4.441349427421850682e-02	7.857474466109563849e-02	5.294413494274218673e-02	2.663649025069637910e-02	3.777855153203342475e-02	7.638888888888889506e-02	6.948313215722685954e-02	1.696456205509130205e-02	3.046657381615599028e-02	7.182373878056329264e-02	8.077994428969359486e-02	4.609640978025379005e-02	8.588672237697306602e-03	2.234215413184772667e-02	4.915273909006499797e-02	0.000000000000000000e+00	0.000000000000000000e+00	0.000000000000000000e+00	5.783813060971835368e-02
5.685159393376663234e-02	4.944289693593315049e-02	3.768183225007737391e-02	4.752785515320333970e-02	2.574667285670071207e-02	4.574822036521200563e-02	8.012225317239245193e-02	5.166744042092231287e-02	2.717811822965026172e-02	3.785592695759826959e-02	7.540235221293717371e-02	7.023754255648406719e-02	1.615212008666047638e-02	4.162797895388424541e-02	5.184153512844320855e-02	7.859408851748685143e-02	4.613509749303620899e-02	7.698854843701640437e-03	4.247910863509749002e-02	4.994583720210461070e-02	0.000000000000000000e+00	0.000000000000000000e+00	0.000000000000000000e+00	6.006267409470752300e-02
